Ashura >  2251,2252,2253,2254,2255,2256    [FREE]                          >VOTA플O

Ay > 1964,1965,1966,1967,1968,1969,1970,1971,1972,1973,1974 [VIP]         >VOTA플O	 

Asuma > 1695,1696,1697,1698,1700,1701,1699    [VIP QUEST]                  > OK

Boruto > 1988,1504,1505,1506,1507,1508,1989,1509,1510,2141 [QUEST]         >VOTA플O         

Chino >  1496,1497,1498,1499    [FREE]                                     >VOTA플O

Chojurou > 1575,1576,1577,1578,1579  [FREE]

Chouji >  1091,1090,1092,1093,1124,1129,1128   [FREE]                      >OK

Danzou > 2007,2008,2009,2012,2013,2014,2015,2016,2017,2018 [QUEST]         >VOTA플O

Deidara >  1536,1537,1534,1535,1533,1532,1538,1539,1542,1543   [FREE]      >VOTA플O

Rock Lee > 2201,2202,2203,2204,2205,2206    [FREE]                         >OK

Temari >   1407,1845,1846[FREE]                                            >OK

Tenten >    [FREE] 														   >OK

Tobirama > 2060,2061,2062,2063,2065,2066,2067,2068,2069,2070,2064   [VIP]  >VOTA플O

Toneri > 2290,2291,2292,2293      [FREE]                                   >VOTA플O

Tou > 2306,2307,2308,2309,2310,2311   [VIP]

Tsunade > 2377,2378,2379,2380,2381,2382   [FREE]

Yagura > 2313,2314,2316,2317,2318,2319   [VIP]

Yamato > 2217,2218,2219,2220,2221,2222  [FREE]

Utakata > 1618,1619,1620,1621,1622  [VIP]

Indra > 2224,2225,2227,2226 [FREE]

Itachi > 1823,1824,1825,1826,1827,1831,1890,1891  [VIP]

Ino >  496,497,498,499,1142,1143,1144,1146,1160,1161,1157 [FREE]

Obito >  2102,2103,2104,2105,2106,2107,2108,2109,2110,2111,2112,2113,1921[QUEST]

Ohnoki > 2412,2413,2414,2415,2416,2417,2418,2419,2420,2421,2422,2423,2424,2425,2426,2427,2428   [VIP]

Orochimaru > 1041,1042,1043,1044,2133,2134,2135,2136,2137,2138,2139 [FREE]

Shino > 2484,2485,2486,2268,2269,2271,2272,2270[FREE]

Sai >  1703,1704,1705,1706[FREE]

Sakura > 2370,2371,2372,2373,2374,2375 [FREE]

Sarada > 2050,2051,2052,2053,2054,2055,2056,2057 [QUEST]

Sarutobi > 2125,2126,2128,2129,2130,2131  [VIP]

Sasori > 2391,2392,2393,2394,2395,2396,2399,2400,2401,2402,2403,2404,2405,2406,2407  [VIP]

Sasuke >  2473,2474,2475,2476,2477,2478,2479,2480,2482,2482 [FREE]

Shikamaru > 1425,1426,1427,1428,1429,1430,1491,1492,1493,1494,1495 [FREE]

Shin > 2498,2499,2500,2501,1638 [FREE]

Shisui > 1942,1943,1944,1945,1946,1947,1948,1949,1950,1951,1952,1953,1954,1955,1956,1957,1958  [QUEST]

Suigetsu > 2274,2275,2276,2277,2278,2279,2280,2281,2282,2283,2284,2285,2286,2287,2288  [FREE]

Sasuke Gaiden > 1900,1917,1367,1626,1368,907,908 [VIP]

Gaara > 2334,2335,2336,2337,2338,2339 [FREE]

Guy >  1094,1095,1096,1097,1098,1099,1155,1175,1196,1200,1393[VIP]

Hagoromo > 2039,2040,2041,2042,2043,2044,2045,2046,2047 [FREE]

Haku > 2020,2021,2022,2023,2024,2025,2026,2027,2028,2029,2030,2031,2032,2033,2034  [QUEST]

Hashirama >1715,1716,1717,1718,1719,1721,1722,1723,1724,1725,1726,1866[VIP] 

Hidan > 2242,2243,2244,2245,2246,2247,2248,2249 [QUEST]

Hinata > 2341,2342,2343,2344,2345,2346 [FREE]

Jiraiya > 1877,1878,1879,1880,1881,1882,1883,1884,1885,1886,1889,1888,1887 [QUEST]

Juugo > 2080,2081,2082,2083,2084,2087[FREE]

Kabuto > 2327,2328,2329,1909,1910,1911,1912 [FREE]

Kaguya > 2258,2259,2260,2320,2322,2324,2325,874,2036,2037,2038,2121 [FREE]

Kakashi > 2161,2162,2163,2165,2166,2167,2168,2169,2170,2171,2172,2173,2174,2175,2176,2177 [FREE]

Kakuzo > 1549,1551,1552,1553,1554,1555,1556,2075[FREE]

Kankuro > 1394,1395,1396,1397,1411,1409,1404,1860[FREE] 

Karin > 2089,2090,2091,2092,2093,2094,2095 [FREE]

Kawaki > 1181,1182,1183 [VIP QUEST]

Kiba > 1281,1282,1283,1284,1285,1859[FREE]

Kimimaro > 2430,2431,2432,2433,2434,2435,2436,2437,2438,2439,2440,2441,2442,2443,2444,2445,2446 [VIP]

Kisame > 2355,2356,2357,2359,2360,1857 [FREE]

Konan > 2448,2449,2450,2451,2452,2453,2454,2455,2456,2457,2458,2459,2460,2462,2461 [VIP]

Konohamaru > 1370,1375,1376,1377,1371 [FREE]

Killer Bee > 2229,2230,2231,2232,2233,2234,2235,2236,2237,2238,2239,983 [FREE]

Zabuza > 2463,2464,2465,2466,2467,2468,2469,2470,2471 [QUEST]

Zetsu > 2384,2385,2386,2387,2388,2389,2390 [FREE]

Nagato > 2186,2187,2188,2189,2190,2191,2193,2194,2195,2196,2197,2198,2199 [FREE]

Naruto > 839,840,841,842,1405,1709,2179,1710 [FREE]

Neji > 2207,2208,2209,2210,2211,2212,2213,2214,2215 [FREE]

Naruto Gaiden > 933,2160,1709,1710,2119[VIP]

Madara > 2147,2148,2149,2150,2151,2152,2153,2154,2155,2157 [VIP]

Mei Terumi > 1500,1501,1502,1503[FREE]

Menma > 2363,2364,2365,2366,2367 [FREE]

Minato > 1517,1522,1523,1524,1525,1526,1527,1528,1529,1530,1852,1853[VIP]

Mitsuki > 2183,2184,2185 [FREE]

Momoshiki >1300,1303,2488,1301 [VIP QUEST]

Menma Ultimate > 2267,2263,2264,2265